$ 1 0.000005 8.281975887399955 35 5 50 5e-11
v 112 288 112 128 0 1 40 5 0 0 0.5
d 240 224 304 160 2 default
d 304 160 368 224 2 default
d 304 288 368 224 2 default
d 240 224 304 288 2 default
w 112 128 304 128 0
w 304 128 304 160 0
w 368 224 416 224 0
w 416 224 480 288 0
r 480 288 480 368 0 1000
w 480 368 416 400 0
w 416 400 240 400 0
w 112 288 304 288 0
w 240 400 240 224 0
c 416 224 416 400 4 0.00009999999999999999 3.857790499600303 0.001 0
403 464 272 592 336 0 14_64_0_4099_5_0.05_-1_2_14_3
o 9 64 0 4099 5 0.00625 0 2 9 3
